    0
  0.2500E+01  0.1000E+01
  256    1  129
    0
   10
gil7.d
  0.2496E+04  0.4000E+01
    1
      0.5000000E+02
    1
      0.0000000E+00
    6
      0.8000000E+02      0.0000000E+00      0.0000000E+00
      0.8700000E+02      0.0000000E+00      0.0000000E+00
      0.1100000E+03      0.0000000E+00      0.0000000E+00
      0.1290000E+03      0.0000000E+00      0.0000000E+00
      0.1410000E+03      0.0000000E+00      0.0000000E+00
      0.1410000E+03      0.0000000E+00      0.0000000E+00
-0.1000E+01     -0.1000E+01     -0.1000E+01     -0.1000E+01
